HTTPS=true
REACT_APP_MY_ACCOUNT_ID=0.0.5829440
REACT_APP_MY_PRIVATE_KEY=0x09212e586b8c7623666feaaf5f1dd2b516ed387410d75564e83051adc9b55891
OPERATOR_ID=0.0.5829440
OPERATOR_PVKEY=0x09212e586b8c7623666feaaf5f1dd2b516ed387410d75564e83051adc9b55891
